01  03  05  18  20  27  33  01   2007-125
02  09  10  19  23  26  31  09   2007-126
03  06  09  13  16  24  28  11   2007-127
04  09  10  19  21  27  31  05   2007-128
05  05  07  20  21  22  30  08   2007-129
06  03  05  09  11  27  31  04   2007-130
07  03  05  07  16  22  27  05   2007-131
08  01  09  16  21  22  23  05   2007-132
09  03  06  07  11  13  33  10   2007-133
10  01  04  10  13  18  25  15   2007-134
11  01  11  16  26  31  33  16   2007-135
12  01  02  18  21  25  29  14   2007-136
13  03  07  08  18  20  22  03   2007-137
14  02  03  15  17  19  25  16   2007-138
15  06  10  12  14  16  22  06   2007-139
16  01  05  16  21  22  26  11   2007-140
17  02  03  04  06  17  31  08   2007-141
18  11  20  25  26  27  30  08   2007-142
19  01  06  22  23  24  26  04   2007-143
20  08  14  23  25  28  32  16   2007-145
21  08  09  11  12  25  31  11   2007-145
22  04  18  22  24  26  30  09   2007-146
23  03  07  18  24  26  27  04   2007-147
24  03  09  16  17  23  28  07   2007-148
25  01  17  19  22  28  30  03   2007-149
26  03  05  11  13  19  24  05   2007-150
27  01  06  10  11  23  25  02   2007-151
28  11  17  21  29  30  33  08   2007-152
29  01  04  19  20  25  31  15   2007-153   
30  02  04  07  09  14  29  03   2008-1      
31  03  04  18  22  25  29  09   2008-2